0, 1, 2, 3, 4, 5, 6, 7, 8, 9, 10, 11, 12, 13, 14, 15, 16, 17, 18, 19, 20, 21, 22, 23, 24, 25, 26, 27, 28, 29, 30, 31, 32, 33, 34, 35, 36, 37, 38, 39, 40, 41, 42, 43, 44, 45, 46, 47, 48, 49, 
Total Lower Bound: 
14988.53495499153, 1076.6795712004994, 86772.01621607035, 13705.952745394676, 13752.655658787971, 131785.99640992086, 29847.468701137674, 166820.7950294641, 37994.77110098368, 161644.86290828776, 2357526482.2895613, 4562028.516513677, 3031528.3876370313, 147625.95796882448, 282498.5134984369, 7740628.377726482, 27353912.10920138, 15085835.11382981, 131503175.38203458, 16103492.297091693, 1484279.0374951693, 9860339.72227246, 1694559.121066229, 183962384.38416976, 1420585.8053342295, 36109812.27670913, 218618096.18927702, 15511073.524132991, 39878737.19495178, 10944068.148467503, 13729865.611009369, 11145645962.210802, 6254366.481135977, 343585334.73579204, 10808608.623894762, 12079134.205608182, 16141075.160931367, 202927960.52383918, 4847784.461759451, 48920752.99127069, 12147994955.711216, 13037349.821280025, 566922487.197552, 1830574.514984769, 4434984.383454227, 18596732.20809761, 13119757.187711518, 25651092.989468105, 155095299.4992707, 7495597.770322706, 
Word ppl: 
1775.3047987596262, 1765.3213505306721, 1754.2193707811518, 1746.576425416361, 1741.5896263673221, 1735.3502541688672, 1732.169773338665, 1730.173495717423, 1727.6689865791038, 1725.6028638621206, 1724.4874693118472, 1723.571177548853, 1722.2847524356857, 1721.6020784437394, 1721.1279372998192, 1720.9606176039379, 1720.5929272798198, 1720.3310815753593, 1720.163658580415, 1720.0623938748467, 1719.9267327670998, 1719.9062824423022, 1719.878090111371, 1719.8230566117782, 1719.6939056359413, 1719.639577438766, 1719.585165818143, 1719.568344564904, 1719.4891222784233, 1719.490860146338, 1719.4341595155736, 1719.2295155816973, 1719.2070045096468, 1719.0764126812574, 1719.0174923931834, 1718.9782208331158, 1719.0290891714376, 1718.9916199246532, 1719.0940034413786, 1719.0166034343815, 1718.9613364110385, 1718.9766999343647, 1718.8641943829473, 1718.983857144527, 1718.737567286555, 1718.8613157507698, 1718.8666687880948, 1718.7475693254025, 1718.8068217358134, 1718.6370064072503, 
KLD Global: 
0.024929061138264142, 0.03379996298388163, 0.04632805210720331, 0.0618353277309067, 0.09099477191335234, 0.126818501610978, 0.17987442797886385, 0.2491518580620386, 0.34694975054243293, 0.4390685841965635, 0.5202642437996189, 0.6174038091254836, 0.8559576337715257, 1.0845179614370646, 1.3327683368393803, 2.027316689419499, 2.474324471483693, 3.489446914384807, 5.142431895675848, 6.906308156475781, 8.955230142135601, 11.841794323056966, 13.953005444850254, 17.135277126828008, 21.021541153247462, 23.663654198596213, 27.89529815465307, 31.254594166277876, 35.07289612261641, 40.560793908767224, 44.05259080995624, 48.95200536150966, 52.40251945831371, 53.56170689204373, 54.942740865541396, 54.52901720550032, 53.69282984534675, 55.82550584131023, 58.09128331343478, 60.10282289812828, 56.82435995937991, 51.69967850744246, 51.71887031852117, 48.171457293380854, 45.96728625351509, 46.318191998016076, 43.15056189244358, 46.55020687902734, 49.54619224932527, 51.581174406757476, 
KLD sent: 
14979.20745037773, 1067.367489436611, 86762.71664303042, 13696.6564061129, 13743.341994644235, 131776.6585455972, 29838.084193637413, 166811.3472313012, 37985.23187794525, 161635.24011583545, 2357526472.5878587, 4562018.718750076, 3031518.3555617924, 147615.70154652878, 282488.00875608245, 7740617.1797069935, 27353900.468163736, 15085822.456231866, 131503161.07149962, 16103476.219883075, 1484260.9106662236, 9860318.714067955, 1694536.0006377609, 183962358.0772523, 1420555.6139881923, 36109779.4414898, 218618059.12194252, 15511033.095164979, 39878692.94614207, 10944018.416437712, 13729812.38529858, 11145645904.080486, 6254304.896412581, 343585271.98555416, 10808544.491165856, 12079070.486397048, 16141012.278108189, 202927895.5118515, 4847717.190634124, 48920683.711449794, 12147994889.710054, 13037288.944841942, 566922426.3010906, 1830517.1637809642, 4434929.2372848755, 18596676.71219604, 13119704.859351935, 25651037.260037135, 155095240.77438182, 7495537.01164767, 
Total KLD loss: 
14979.23237943887, 1067.4012893995955, 86762.76297108251, 13696.718241440623, 13743.43298941615, 131776.78536409876, 29838.264068065397, 166811.59638315928, 37985.578827695805, 161635.6791844197, 2357526473.108124, 4562019.336153884, 3031519.2115194257, 147616.78606449024, 282489.3415244192, 7740619.207023682, 27353902.942488194, 15085825.94567878, 131503166.21393153, 16103483.126191229, 1484269.865896366, 9860330.555862281, 1694549.953643206, 183962375.21252942, 1420576.6355293458, 36109803.105143994, 218618087.0172407, 15511064.349759137, 39878728.019038215, 10944058.977231616, 13729856.437889392, 11145645953.032495, 6254357.298932041, 343585325.5472611, 10808599.433906725, 12079125.015414258, 16141065.970938036, 202927951.33735734, 4847775.281917436, 48920743.8142727, 12147994946.534412, 13037340.644520443, 566922478.0199611, 1830565.3352382586, 4434975.204571131, 18596723.03038802, 13119748.009913823, 25651083.810244016, 155095290.32057396, 7495588.592822077, 